2;2;5;448;30;1183;жЧКЃ;0;0;120;0;0;0;0;0;0;0
2;2;5;449;30;1184;вСПЈТхЫЙжЎвэ;0;0;121;0;0;0;0;0;0;0
2;2;5;445;3;1160;ЬњжЎПМбщ;8630116;8630117;119;0;0;0;0;0;0;0
2;2;5;444;3;1161;КеРћВЈЖћвЊШћ;8630114;8630115;118;0;0;0;0;0;0;0
2;2;5;66103;5;1002;дсНЃЛУЙШ;8630112;8630113;117;0;0;0;0;0;0;0
2;2;5;440;5;1153;ТќГрПЯВжПт;8630110;8630111;115;0;0;0;0;0;0;0
2;2;5;441;3;1154;єфДфЪРНч;8630110;8630111;116;0;0;0;0;0;0;0
2;2;5;66102;5;1000;ЙщдЊФОЯЛ;8630108;8630109;114;0;0;0;0;0;0;0
1;24;6;438;3;1140;ЦеШћЮкДяРябЧ;0;0;0;0;0;0;0;0;0;0
2;2;5;1437;5;1141;БЛЭЬЪЩЕФФЇЗЈАьЙЋТЅ;8630106;8630107;113;0;0;0;0;0;0;0
2;2;5;427;3;1090;ФЂЙНЪїегдѓ;8630102;8630103;109;0;0;0;0;0;0;0
2;2;5;428;3;1091;РіЮїЬЉбЧжЎУХ;8630102;8630103;110;0;0;0;0;0;0;0
2;2;5;424;5;1084;ФІПЫЩГ;8630100;8630101;107;0;0;0;0;0;0;0
2;2;5;425;3;1085;ХЕФсЖћжЎРс;8630100;8630101;108;0;0;0;0;0;0;0
2;2;5;90085;3;546;оБцЋЫЙУЮОГ;8630098;8630099;106;0;0;0;0;0;0;0
2;2;5;417;3;1080;ФсЗђКЃФЗеО;8630096;8630097;104;0;0;0;0;0;0;0
2;2;5;418;5;1079;ФТЫЙЗЦЖћЫЙЫэЕР;8630096;8630097;105;0;0;0;0;0;0;0
2;2;5;4350;30;1101;ЦеРлТоТщ;0;0;112;0;0;0;0;0;0;0
2;2;5;434;5;1100;ВаШББпНч;8630104;8630105;111;0;0;0;0;0;0;0
1;24;6;66101;3;661;ФЇЗЂГЧБЄ;0;0;0;0;0;0;0;0;0;0
2;2;4;90077;3;970;ШКаЧЙЌЕю;8630094;8630095;0;0;0;0;0;0;0;0
2;2;5;90074;3;967;ЫЎЯТХрбјУѓЁЄЪЇЛъЫТ;8630092;8630093;103;0;0;0;0;0;0;0
2;2;5;402;3;1062;АЃМЊЖћвХМЃ;8630090;8630091;101;0;0;0;0;0;0;0
2;2;5;403;3;1061;АЂЬиР­ЫЙЭЅдК;8630090;8630091;102;0;0;0;0;0;0;0
2;3;4;90065;3;965;ЪБПежЎШЊ;8630088;8630089;0;0;0;0;0;0;0;0
1;24;6;294;3;382;ЩККїжЎИш;0;0;0;0;0;0;0;0;0;0
2;3;4;90068;3;964;ДЉЫѓжЎЖМ;8630088;8630089;0;0;0;0;0;0;0;0
2;2;5;393;3;1050;КкдТЕФПМбщ;8630086;8630087;99;0;0;0;0;0;0;0
2;2;5;394;3;1046;ДѓЕиЕФПМбщ;8630086;8630087;100;0;0;0;0;0;0;0
2;2;5;385;3;1036;ЯћЪЇЕФаЧжЎИш;8630084;8630085;97;0;0;0;0;0;0;0
2;2;5;386;3;1037;ЛЦЛшНЬЬУ;8630084;8630085;98;0;0;0;0;0;0;0
2;2;5;384;3;1032;ОЋСщЪїзЎ;8630082;8630083;96;0;0;0;0;0;0;0
2;2;5;383;3;1031;ЩњУќжЎЖїЬЉРГП­;8630082;8630083;95;0;0;0;0;0;0;0
1;24;6;90056;3;898;ХнХнеННЂ;0;0;0;0;0;0;0;0;0;0
2;2;4;5180;5;518;СїЫЎЛиРШ;69570030;69570031;0;0;0;0;0;0;0;0
2;2;5;376;3;1017;АЌЮкМгУЩОчГЁ;8630080;8630081;94;0;0;0;0;0;0;0
2;2;5;375;3;1018;ЩюдЈжЎОЕ;8630080;8630081;93;0;0;0;0;0;0;0
2;2;5;8970;3;897;ЦеТхЗЦЫОЬЈ;8630078;8630079;89;8710021;8;8719900;6;8710000;3;900000000
2;2;5;8960;3;896;ЛєЦееМВЗЪв;8630078;8630079;88;8710021;6;8719900;6;8710000;2;1500000000
2;2;5;373;3;1014;ПЈвСТхЫЙЕФЪБМф;8630076;8630077;87;8710020;6;8719900;9;8710000;3;1250000000
1;24;6;372;3;1015;ПЫТхХЕЫЙЕФЪБМф;0;0;0;0;0;0;0;0;0;0
2;2;5;370;3;1008;СЖгќАЂзШРзЖћ;8630074;8630075;86;8710019;8;8719900;6;8710000;3;1500000000
2;2;5;369;3;1009;АЭФсЫўЫЙ;8630074;8630075;85;8710019;6;8719900;6;8710000;2;1150000000
2;2;5;8930;3;893;ЙўФЗПЫЙЋОєИЎ;8630072;8630073;84;8710018;12;8719900;9;8710000;3;1500000000
2;2;5;8920;3;892;ЪЅзжНЬЬУ;8630072;8630073;83;8710018;6;8719900;6;8710000;2;1500000000
2;2;5;366;3;499;АЂПЦТхжЎЙз;8630070;8630071;82;8710017;6;8719900;9;8710000;3;1500000000
2;2;5;361;3;491;ЛиЩљШЊ;8630068;8630069;81;8710016;8;8719900;6;8710000;3;1200000000
2;2;4;374;3;1016;ЮДжЊЩ­Сж;8630076;8630077;0;0;0;0;0;0;0;0
1;24;6;365;3;494;аФдрЕФМЧвф;0;0;0;0;0;0;0;0;0;0
2;2;5;360;3;492;Бљгќ;8630068;8630069;80;8710016;6;8719900;6;8710000;2;1000000000
2;2;5;350;3;472;ЯЃСа;8630066;8630067;78;8710015;6;8719900;6;8710000;2;1000000000
2;2;5;351;3;470;УЫдМЪЅЕи;8630066;8630067;79;8710015;8;8719900;6;8710000;3;800000000
1;24;6;352;3;469;СњУЈУУУУЭЅдК;0;0;0;0;0;0;0;0;0;0
2;2;4;8880;3;888;ПўРмРЮгќ;8630036;8630037;92;8710000;3;8719900;6;0;0;1500000000
2;2;5;348;3;460;ЛУжЎвЁРК;8630064;8630065;73;8710014;6;8719900;6;8710000;2;600000000
2;2;5;349;3;461;УЕЙхЭЅдК;8630064;8630065;74;8710014;8;8719900;6;8710000;3;800000000
0;3;3;8620000;0;1133;жЄУїжЎЫў;0;0;0;0;0;0;0;0;0;0
0;2;4;8850;3;885;АЫидеѓШќГЁ;8630036;8630037;90;8710000;3;8719900;6;0;0;1500000000
2;3;4;8860;3;886;ЮфСжДѓЛс;8630036;8630037;91;8710000;3;8719900;6;0;0;1000000000
2;2;5;345;3;456;ащЮожЎаЧ;8630062;8630063;71;8710013;6;8719900;6;8710000;2;900000000
2;2;5;346;3;457;ЭќШДКўХЯ;8630062;8630063;72;8710013;8;8719900;6;8710000;3;1080000000
2;2;5;338;3;441;ФЇСІЗРПеЖД;8630060;8630061;68;8710012;6;8719900;6;8710000;2;800000000
2;2;5;8760;3;876;ЩНКЃЙщац;8630036;8630037;70;8710011;4;8719900;6;8710000;3;900000000
1;24;6;329;3;432;ФЇЗЈбЇдКжїТЅ;0;0;0;0;0;0;0;0;0;0
2;2;4;8830;3;883;ПЈЗђПЈОчГЁ;69570030;69570031;0;0;0;0;0;0;0;0
2;2;5;337;3;443;УЮОГАТФљвСТГ;8630060;8630061;69;8710012;8;8719900;6;8710000;3;960000000
2;2;5;87100;3;871;ЩёБЪЛ­Оэ;8630036;8630037;67;8710011;4;8719900;6;8710000;3;750000000
2;2;5;324;3;418;ЩёЪїР­ЗЦЖћ;8630034;8630035;66;8710010;8;8719900;6;8710000;3;900000000
2;2;5;325;3;416;СњжЎЯПЙШ;8630034;8630035;65;8710010;6;8719900;6;8710000;2;750000000
1;24;6;310;3;414;ЙжЮяЪїЩНЩНЙШ;0;0;0;0;0;0;0;0;0;0
2;2;5;306;3;408;ФЮТфжЎЮн;8630032;8630033;62;8710008;8;8719900;6;8710000;3;600000000
2;2;5;305;3;406;ГЌФмепМЭФюЙн;8630032;8630033;61;8710008;6;8719900;6;8710000;2;500000000
1;24;6;271;3;352;ХЄЧњЕФЪРНчЪї;0;0;0;0;0;0;0;0;0;0
1;24;6;69700;3;697;АЂЖћИЃФЧОЦЕъ;0;0;0;0;0;0;0;0;0;0
2;2;5;69900;3;699;ЫЎЯТХрбјУѓ;69570030;69570031;64;8710009;6;8719900;9;8710000;3;750000000
2;2;5;69600;3;696;дяШШМќХЬ;69570030;69570031;63;8710009;6;8719900;6;8710000;2;500000000
2;2;5;298;3;384;БљЗтбЉгђ;8630028;8630029;59;8710006;8;8719900;6;8710000;3;1200000000
2;2;5;297;3;387;ЛьучЯПЙШ;8630028;8630029;58;8710006;12;8719900;6;8710000;1;1500000000
2;2;5;290;3;377;ЛУгАЖОЮэегдѓ;8630024;8630025;57;8710005;12;8719900;9;8710000;3;1000000000
2;2;5;289;3;379;ИЁгЮЕК;8630024;8630025;56;8710005;6;8719900;6;8710000;2;1000000000
2;2;5;283;30;369;БІЪЏДдСж;0;0;55;8710004;6;8719900;9;8710000;3;1000000000
1;24;6;282;3;371;ЦйВМДдСж;0;0;0;0;0;0;0;0;0;0
2;2;4;19866;3;902;ЮоОЁУдЪЇепЃКОЋЩёНЛДэ;8630026;8630027;53;8710003;12;8719900;9;8710000;3;100000000
2;2;4;19868;3;901;ЩёУэЬНЫїепЃКИЏЛЏКЫаФ;8630026;8630027;54;8710003;12;8719900;9;8710000;3;100000000
2;2;5;274;3;357;ЬЋбєЩёЕиЯТМРЬГ;8630020;8630021;50;8710002;8;8719900;6;8710000;3;450000000
2;2;4;278;3;904;ЕиГЧзЗСдепЃКвЯбЈУдзй;8630026;8630027;52;8710003;12;8719900;9;8710000;3;100000000
2;2;4;277;3;905;гюжцПЊЭиепЃКаЧМЪвјКг;8630026;8630027;51;8710003;12;8719900;9;8710000;3;100000000
1;24;6;269;3;350;ЧЩПЫСІЛЈдА;0;0;0;0;0;0;0;0;0;0
2;2;5;273;3;356;ЬЋбєЙЌЕю;8630020;8630021;49;8710002;6;8719900;6;8710000;2;600000000
2;2;5;272;3;351;АЋШЫЗЩЭЇ;0;0;48;8710002;10;8719900;5;8710000;1;640000000
2;2;5;303;3;389;АЂТъТзБІПт;8630030;8630031;60;8710007;6;8719900;3;8710000;1;1000000000
1;24;6;302;3;390;Р­жЎГЧЧН;0;0;0;0;0;0;0;0;0;0
1;24;6;257;3;337;ХЗШєР­ЭЅдК;0;0;0;0;0;0;0;0;0;0
2;2;5;285;3;372;ДКжВЕКМЭФюЙн;0;0;0;0;0;0;0;0;0;0
2;2;5;265;3;345;ЩёУиЕюЬУ;8630018;8630019;45;8710001;2;8719900;2;8710000;2;120000000
2;2;5;266;3;343;ЖёФЇЯПЙШ;8630018;8630019;46;8710001;2;8719900;2;8710000;2;120000000
1;24;3;201101;1;869;аЧжЎвСЕщ;0;0;0;0;0;0;0;0;0;0
2;2;5;268;3;349;ЩёЪЅНЬЬУ;8630018;8630019;47;8710001;4;8719900;3;8710000;3;150000000
0;2;2;259;5;340;ФЇЪЏЪЕбщЪв;0;0;44;0;0;0;0;0;0;200000000
0;2;2;256;5;334;ЦЦЛЕжЎГЧ;0;0;43;0;0;0;0;0;0;200000000
0;2;2;255;5;332;вўВиЕФЖДбЈ;0;0;42;0;0;0;0;0;0;150000000
0;2;2;201;5;324;СњЛЪЕю;0;0;41;0;0;0;0;0;0;150000000
0;2;2;200;5;323;дТЛЊдЗ;0;0;40;0;0;0;0;0;0;120000000
0;2;4;90069;5;966;ОЕжаЪРНчЃЌBOSSДѓМЏКЯ;0;0;0;0;0;0;0;0;0;0
1;24;6;328;3;431;ФЇЗЈаоСЖЙн;0;0;0;0;0;0;0;0;0;0
0;2;2;284;6;374;БљМЄСшЭЅдК;0;0;0;0;0;0;0;0;0;0
0;2;3;37161;0;161;ЖЗЪоГЁ гЂалеНГЁ;0;0;0;0;0;0;0;0;0;0
0;2;3;191;5;310;ЫїР­ГЧЖЗЪоГЁ;0;0;38;0;0;0;0;0;0;200000000
0;2;2;96107;5;586;гАзгжЎЪщ;0;0;39;0;0;0;0;0;0;100000000
0;2;2;435;5;693;ЩёУиЕФУдЙЌНЬЪвШыПк;0;0;37;0;0;0;0;0;0;200000000
1;24;6;258;3;341;РяЮЌР­ЪаеўИЎ;0;0;0;0;0;0;0;0;0;0
0;2;2;155;5;283;ЪРНчжЎЪї;0;0;36;0;0;0;0;0;0;200000000
0;2;2;96106;5;843;ТЗЕТЮЌЯЃДѓЯПЙШ;0;0;32;0;0;0;0;0;0;60000000
0;2;2;19865;5;865;СїЬхЪЕбщЪв;0;0;30;0;0;0;0;0;0;75000000
0;2;2;95800;5;833;МЧвфЩюЙШ;0;0;29;0;0;0;0;0;0;60000000
0;2;2;159;5;273;УЮжЎТЗ;0;0;35;0;0;0;0;0;0;100000000
0;2;2;158;5;272;дТжЎТЗ;0;0;34;0;0;0;0;0;0;75000000
0;2;2;157;5;271;ЛЈжЎТЗ;0;0;33;0;0;0;0;0;0;60000000
0;2;2;772;5;669;УиУмЪЕбщЪв;0;0;28;0;0;0;0;0;0;60000000
0;2;3;37160;0;160;ЖЗЪоГЁ ИпМЖеНГЁ;0;0;0;0;0;0;0;0;0;0
0;2;2;19867;5;867;ИЏЛЏжЎбл;0;0;31;0;0;0;0;0;0;75000000
0;2;2;94901;5;830;ЛУЯыУЮОГ;0;0;0;0;0;0;0;0;0;0
0;2;2;144;5;231;ШМЩеДдСж;0;0;27;0;0;0;0;0;0;80000000
1;24;6;156;3;285;ЕиЬњжаЪр;0;0;0;0;0;0;0;0;0;0
0;2;2;82800;5;828;КЃМЮЖћДѓЧХ;0;0;26;0;0;0;0;0;0;30000000
0;2;2;98530;5;330;УЮЛУЭМЪщЙн;0;0;25;0;0;0;0;0;0;30000000
0;3;2;186;5;585;МЊЖїЕйбЧВжПт;0;0;0;0;0;0;0;0;0;0
1;24;6;276;3;362;ЯІбєЩ­Сж;0;0;0;0;0;0;0;0;0;0
0;2;2;745;5;931;ЬьПежЎГЧ;0;0;24;0;0;0;0;0;0;15000000
0;2;2;747;5;936;ПежаеНГЁ;0;0;0;0;0;0;0;0;0;0
0;2;2;123;5;206;ЛЂРЧЫТ;0;0;0;0;0;0;0;0;0;0
0;2;2;32601;5;326;УджЎВжПт;0;0;23;0;0;0;0;0;0;20000000
0;2;2;152;5;255;ВЭЬќДѓТвЖЗ;0;0;0;0;0;0;0;0;0;0
0;2;2;98501;5;293;АзЩЋЦНд­;0;0;22;0;0;0;0;0;0;200000000
0;2;2;37;5;116;ИђѓЁЙШ;0;0;0;0;0;0;0;0;0;0
0;2;2;36;5;115;ИђѓЁЖДбЈ;0;0;0;0;0;0;0;0;0;0
0;2;2;98502;5;54;ЖЧзгУмЪв;0;0;0;0;0;0;0;0;0;0
0;2;2;35;5;114;ИђѓЁЩНдР;0;0;0;0;0;0;0;0;0;0
0;2;2;143;5;229;ЗтгЁжЎЫўЕиЯТ;0;0;0;0;0;0;0;0;0;0
0;2;2;601;3;700;ЫЎОЇЖДбЈ;0;0;0;0;0;0;0;0;0;0
0;2;2;34;5;113;ИђѓЁЩ­Сж;0;0;0;0;0;0;0;0;0;0
0;2;2;118;15;201;УиУмВиЪщПт;0;0;21;0;0;0;0;0;0;5000000
0;2;2;744;15;199;вХЭќЛЈдА;0;0;20;0;0;0;0;0;0;3500000
0;2;3;437;5;304;ЩККїЩ­Сж;0;0;19;0;0;0;0;0;0;100000000
0;2;2;602;5;702;БІПтЖДбЈ;0;0;0;0;0;0;0;0;0;0
0;2;3;37159;0;159;ЖЗЪоГЁ жаМЖеНГЁ;0;0;0;0;0;0;0;0;0;0
0;2;2;124;5;209;аЧжЎЧЭБк;0;0;0;0;0;0;0;0;0;0
1;24;3;90061;1;955;ЮоОЁЗБаЧДѓЬќ;0;0;0;0;0;0;0;0;0;0
0;3;3;518000;0;682;ЬНЯеМвЩёЕю;0;0;0;0;0;0;0;0;0;0
0;2;3;275;1;361;ВиБІЖДбЈ;0;0;0;0;0;0;0;0;0;0
0;2;3;436;5;974;Л№ЩНГЌФмГЁ;0;0;18;0;0;0;0;0;0;100000000
0;2;2;125;5;211;аЧжЎвЁРК;0;0;17;0;0;0;0;0;0;700000
0;2;1;41;5;139;ВЛжЊУћЕФЪРНч;0;0;16;0;0;0;0;0;0;150000
0;2;1;63;5;144;ЕигќжЎУХ;0;0;15;0;0;0;0;0;0;150000
0;3;3;801;0;705;ЭЈЬьЫў;0;0;0;0;0;0;0;0;0;0
0;2;1;14;5;88;ЭпЖћЙўР­;0;0;14;0;0;0;0;0;0;500000
1;24;3;90064;3;961;ЩюВуЛьТвЪРНч;0;0;0;0;0;0;0;0;0;0
1;24;3;90063;1;960;ЛьТвЪРНч;0;0;0;0;0;0;0;0;0;0
0;2;1;38;5;132;ОЋСщГЧ;0;0;12;0;0;0;0;0;0;150000
0;2;1;39;5;135;КкАЕЫўГЧ;0;0;13;0;0;0;0;0;0;150000
0;2;1;40;5;138;ПежаТЅИѓ;0;0;11;0;0;0;0;0;0;150000
0;2;1;13;5;82;ЦыТѓТобаОПЫљ;0;0;10;0;0;0;0;0;0;300000
0;2;1;10;5;65;дчвбРфШДЕФаФдр;0;0;9;0;0;0;0;0;0;100000
0;2;2;5;5;60;МЋЕиУдЙЌ;0;0;8;0;0;0;0;0;0;200000
0;2;2;12;5;83;СьжїЗПМф;0;0;7;0;0;0;0;0;0;80000
0;2;1;7;5;62;ИчЬиЗПЮн;0;0;6;0;0;0;0;0;0;60000
0;2;2;11;5;45;гФСщДЌГЄДЌЪв;0;0;5;0;0;0;0;0;0;80000
0;2;1;9;5;64;Н№зжЫў;0;0;4;0;0;0;0;0;0;80000
0;2;3;37158;0;158;ЖЗЪоГЁ ГѕМЖеНГЁ;0;0;0;0;0;0;0;0;0;0
0;2;1;8;5;63;ЪЎСљЕФдТ;0;0;3;0;0;0;0;0;0;50000
0;2;1;6;5;61;ЯуИёРяР­;0;0;2;0;0;0;0;0;0;60000
0;2;1;4;5;52;ЩпСњжЎГВ;0;0;1;0;0;0;0;0;0;50000
0;3;3;15;1;96;ЙжЮяДѓЯУ;0;0;0;0;0;0;0;0;0;0
3;25;0;999002;10;382;ФЮТфЁЄЩККїжЎИш;0;0;0;0;0;0;0;0;0;0
3;25;0;999003;10;374;ФЮТфЁЄБљфПСмЭЅдК;0;0;0;0;0;0;0;0;0;0
3;25;0;999004;10;334;ФЮТфЁЄЦЦЛЕжЎГЧ;0;0;0;0;0;0;0;0;0;0
3;25;0;999007;10;418;ФЮТфЁЄЩёЪїР­ЗЦЖћ;0;0;0;0;0;0;0;0;0;0
3;25;0;999006;10;432;ФЮТфЁЄФЇЗЈбЇдКжїТЅ;0;0;0;0;0;0;0;0;0;0
3;25;0;999001;10;384;ФЮТфЁЄБљЗтбЉгђ;0;0;0;0;0;0;0;0;0;0
3;25;0;999005;10;52;ФЮТфЁЄЩпСњжЎГВ;0;0;0;0;0;0;0;0;0;0
